190
cnt 5,5 20 A
C       -1.7949369014    -14.3219187764     12.6323226310
C       -3.0763877250    -14.4400867352     13.2349511406
C       -4.4590703823    -14.2115405914     15.6249857844
C       -4.3250542439    -13.9037110561     17.0057542850
C       -2.5195794293    -13.1611210762     18.9717479486
C       -1.1553020771    -12.8527040019     19.2224813029
C        1.3432253815    -12.6223042985     18.0474975648
C        2.0523790167    -12.7395215991     16.8216907993
C        1.7910790934    -13.3397167313     14.1295172494
C        0.8650827911    -13.7205780814     13.1211936504
C        0.0403341008    -12.7153866839     12.5479390610
C       -1.3239432513    -13.0238037582     12.2972057067
C       -2.2420017678    -11.9496531176     12.1468397075
C       -3.5234525913    -12.0678210763     12.7494682172
C       -3.8224707099    -13.2542034616     13.4721894447
C       -4.5316243452    -13.1369861610     14.6979962103
C       -4.9061352487    -11.8392749325     15.1395028610
C       -4.7721191102    -11.5314453973     16.5202713616
C       -4.2703244219    -12.5367910288     17.3901697602
C       -3.3443281195    -12.1559296787     18.3984933592
C       -2.9666442956    -10.7888554174     18.4862650252
C       -1.6023669435    -10.4804383431     18.7369983794
C       -0.6843084270    -11.5545889836     18.8873643786
C        0.5971423965    -11.4364210249     18.2847358689
C        0.8961605151    -10.2500386396     17.5620146414
C        1.6053141504    -10.3672559402     16.3362078759
C        1.9798250539    -11.6649671687     15.8947012251
C        1.8458089154    -11.9727967040     14.5139327246
C        1.3440142271    -10.9674510724     13.6440343259
C        0.4180179247    -11.3483124226     12.6357107270
C       -0.4067307655    -10.3431210250     12.0624561375
C       -1.7710081177    -10.6515380993     11.8117227833
C       -2.6890666342     -9.5773874587     11.6613567841
C       -3.9705174577     -9.6955554175     12.2639852938
C       -4.2695355763    -10.8819378027     12.9867065213
C       -4.9786892115    -10.7647205021     14.2125132868
C       -5.3532001151     -9.4670092736     14.6540199376
C       -5.2191839766     -9.1591797384     16.0347884382
C       -4.7173892882    -10.1645253699     16.9046868368
C       -3.7913929859     -9.7836640198     17.9130104358
C       -3.4137091620     -8.4165897585     18.0007821018
C       -2.0494318099     -8.1081726842     18.2515154560
C       -1.1313732934     -9.1823233248     18.4018814552
C        0.1500775302     -9.0641553660     17.7992529455
C        0.4490956488     -7.8777729808     17.0765317180
C        1.1582492840     -7.9949902814     15.8507249525
C        1.5327601876     -9.2927015099     15.4092183017
C        1.3987440491     -9.6005310451     14.0284498011
C        0.8969493607     -8.5951854136     13.1585514025
C       -0.0290469417     -8.9760467637     12.1502278035
C       -0.8537956319     -7.9708553661     11.5769732141
C       -2.2180729840     -8.2792724404     11.3262398599
C       -3.1361315005     -7.2051217999     11.1758738607
C       -4.4175823241     -7.3232897586     11.7785023704
C       -4.7166004427     -8.5096721439     12.5012235979
C       -5.4257540779     -8.3924548433     13.7270303634
C       -5.8002649814     -7.0947436148     14.1685370142
C       -5.6662488430     -6.7869140795     15.5493055147
C       -5.1644541546     -7.7922597111     16.4192039134
C       -4.2384578522     -7.4113983609     17.4275275123
C       -3.8607740284     -6.0443240996     17.5152991783
C       -2.4964966762     -5.7359070253     17.7660325326
C       -1.5784381597     -6.8100576659     17.9163985318
C       -0.2969873362     -6.6918897072     17.3137700221
C        0.0020307824     -5.5055073219     16.5910487945
C        0.7111844176     -5.6227246225     15.3652420290
C        1.0856953212     -6.9204358510     14.9237353783
C        0.9516791827     -7.2282653862     13.5429668777
C        0.4498844943     -6.2229197547     12.6730684791
C       -0.4761118080     -6.6037811049     11.6647448801
C       -1.3008604983     -5.5985897073     11.0914902907
C       -2.6651378504     -5.9070067816     10.8407569364
C       -3.5831963669     -4.8328561410     10.6903909373
C       -4.8646471904     -4.9510240998     11.2930194470
C       -5.1636653090     -6.1374064850     12.0157406745
C       -5.8728189443     -6.0201891844     13.2415474400
C       -6.2473298478     -4.7224779559     13.6830540908
C       -6.1133137093     -4.4146484207     15.0638225913
C       -5.6115190210     -5.4199940522     15.9337209899
C       -4.6855227186     -5.0391327021     16.9420445889
C       -4.3078388947     -3.6720584408     17.0298162549
C       -2.9435615426     -3.3636413665     17.2805496092
C       -2.0255030261     -4.4377920071     17.4309156083
C       -0.7440522026     -4.3196240483     16.8282870987
C       -0.4450340840     -3.1332416630     16.1055658711
C        0.2641195513     -3.2504589637     14.8797591056
C        0.6386304548     -4.5481701921     14.4382524549
C        0.5046143163     -4.8559997274     13.0574839543
C        0.0028196280     -3.8506540958     12.1875855557
C       -0.9231766744     -4.2315154460     11.1792619567
C       -1.7479253646     -3.2263240484     10.6060073673
C       -3.1122027168     -3.5347411227     10.3552740130
C       -4.0302612333     -2.4605904821     10.2049080139
C       -5.3117120568     -2.5787584409     10.8075365235
C       -5.6107301754     -3.7651408262     11.5302577511
C       -6.3198838106     -3.6479235255     12.7560645166
C       -6.6943947142     -2.3502122971     13.1975711674
C       -6.5603785757     -2.0423827618     14.5783396679
C       -6.0585838873     -3.0477283934     15.4482380665
C       -5.1325875850     -2.6668670432     16.4565616655
C       -4.7549037611     -1.2997927819     16.5443333315
C       -3.3906264090     -0.9913757076     16.7950666858
C       -2.4725678925     -2.0655263482     16.9454326849
C       -1.1911170689     -1.9473583894     16.3428041753
C       -0.8920989503     -0.7609760042     15.6200829477
C       -0.1829453151     -0.8781933048     14.3942761822
C        0.1915655885     -2.1759045333     13.9527695314
C        0.0575494500     -2.4837340685     12.5720010309
C       -0.4442452384     -1.4783884370     11.7021026323
C       -1.3702415408     -1.8592497871     10.6937790333
C       -2.1949902310     -0.8540583896     10.1205244439
C       -3.5592675831     -1.1624754639      9.8697910896
C       -4.4773260996     -0.0883248233      9.7194250905
C       -5.7587769232     -0.2064927821     10.3220536001
C       -6.0577950418     -1.3928751673     11.0447748277
C       -6.7669486770     -1.2756578667     12.2705815932
C       -7.1414595805      0.0220533618     12.7120882439
C       -7.0074434421      0.3298828970     14.0928567445
C       -6.5056487537     -0.6754627345     14.9627551431
C       -5.5796524513     -0.2946013844     15.9710787421
C       -5.2019686275      1.0724728769     16.0588504081
C       -3.8376912753      1.3808899512     16.3095837624
C       -2.9196327588      0.3067393106     16.4599497615
C       -1.6381819353      0.4249072694     15.8573212518
C       -1.3391638167      1.6112896547     15.1346000243
C       -0.6300101815      1.4940723540     13.9087932588
C       -0.2554992779      0.1963611256     13.4672866080
C       -0.3895154164     -0.1114684097     12.0865181075
C       -0.8913101048      0.8938772219     11.2166197089
C       -1.8173064071      0.5130158717     10.2082961099
C       -2.6420550973      1.5182072693      9.6350415205
C       -4.0063324495      1.2097901950      9.3843081662
C       -4.9243909660      2.2839408356      9.2339421670
C       -6.2058417895      2.1657728768      9.8365706767
C       -6.5048599081      0.9793904916     10.5592919043
C       -7.2140135434      1.0966077922     11.7850986698
C       -7.5885244469      2.3943190206     12.2266053205
C       -7.4545083084      2.7021485559     13.6073738211
C       -6.9527136200      1.6968029243     14.4772722197
C       -6.0267173177      2.0776642745     15.4855958187
C       -5.6490334938      3.4447385358     15.5733674847
C       -4.2847561417      3.7531556101     15.8241008389
C       -3.3666976252      2.6790049695     15.9744668381
C       -2.0852468017      2.7971729283     15.3718383284
C       -1.7862286830      3.9835553135     14.6491171009
C       -1.0770750478      3.8663380129     13.4233103354
C       -0.7025641443      2.5686267844     12.9818036846
C       -0.8365802828      2.2607972492     11.6010351841
C       -1.3383749711      3.2661428807     10.7311367854
C       -2.2643712735      2.8852815306      9.7228131865
C       -3.0891199637      3.8904729281      9.1495585970
C       -4.4533973159      3.5820558539      8.8988252428
C       -5.3714558324      4.6562064944      8.7484592436
C       -6.6529066559      4.5380385357      9.3510877533
C       -6.9519247745      3.3516561504     10.0738089808
C       -7.6610784097      3.4688734510     11.2996157463
C       -8.0355893133      4.7665846795     11.7411223971
C       -7.9015731748      5.0744142148     13.1218908977
C       -7.3997784864      4.0690685832     13.9917892963
C       -6.4737821841      4.4499299334     15.0001128953
C       -6.0960983602      5.8170041947     15.0878845613
C       -4.7318210081      6.1254212689     15.3386179155
C       -3.8137624916      5.0512706284     15.4889839147
C       -2.5323116680      5.1694385871     14.8863554050
C       -2.2332935494      6.3558209724     14.1636341775
C       -1.5241399142      6.2386036718     12.9378274120
C       -1.1496290106      4.9408924433     12.4963207612
C       -1.2836451491      4.6330629080     11.1155522606
C       -1.7854398375      5.6384085396     10.2456538620
C       -2.7114361399      5.2575471894      9.2373302630
H       -1.2205925369    -15.1581084904     12.4427459626
H       -3.4557853160    -15.3642249978     13.4938911712
H       -4.5026266062    -15.1911906874     15.3034075753
H       -4.2688666370    -14.6542536925     17.7118369316
H       -2.9019256588    -14.0920322395     19.2003081526
H       -0.5222612735    -13.5540704194     19.6376541456
H        1.3693960019    -13.3796327626     18.7480635474
H        2.6063495046    -13.5840910681     16.6099288797
H        2.4085170176    -14.0385041203     14.5716604329
H        0.7933319395    -14.7028281225     12.8128745427
H       -5.1139316501      5.5011635110      8.2148367782
H       -7.3491244292      5.2950470036      9.2659819868
H       -8.3959657194      5.4680813140     11.0754983909
H       -8.1622057502      6.0050183090     13.4839277472
H       -6.7952647720      6.5672397619     14.9723989682
H       -4.4156003867      7.1052015821     15.4097449612
H       -2.5239431113      7.2796392388     14.5201543630
H       -1.2869896086      7.0751809334     12.3820196953
H       -1.4848220956      6.6207678812     10.3437512485
H       -3.1000071737      5.9564438790      8.5849653583
